-1.413181781768798828e+00
-2.551482021808624268e-01
-1.190941810607910156e+00
-1.113539457321166992e+00
-1.257244825363159180e+00
4.730174541473388672e-01
-1.272250652313232422e+00
-6.547614336013793945e-01
-3.456447422504425049e-01
-1.342812299728393555e+00
-9.038132429122924805e-01
-8.070104718208312988e-01
-8.698537349700927734e-01
-1.088220357894897461e+00
-6.245419979095458984e-01
-5.071501135826110840e-01
-7.139763832092285156e-01
-1.009380102157592773e+00
-8.799371123313903809e-01
-1.035977005958557129e+00
-1.072122931480407715e+00
-2.239501327276229858e-01
-8.082921504974365234e-01
-1.432655692100524902e+00
-2.242159545421600342e-01
-1.181328654289245605e+00
-5.311535596847534180e-01
-1.036676645278930664e+00
-1.834727764129638672e+00
-1.315045475959777832e+00
-1.102726817131042480e+00
-1.169367909431457520e+00
-1.057780027389526367e+00
-1.225668907165527344e+00
-1.187611460685729980e+00
-1.459145188331604004e+00
-5.401856899261474609e-01
-6.299580931663513184e-01
-1.049925446510314941e+00
-1.122774124145507812e+00
7.735415697097778320e-01
-1.466148853302001953e+00
-1.464650511741638184e+00
-1.422577381134033203e+00
-1.544354677200317383e+00
-8.910750150680541992e-01
-1.199543952941894531e+00
-1.176033735275268555e+00
-1.778663516044616699e+00
-1.444627761840820312e+00
-4.797308146953582764e-01
-9.572490453720092773e-01
-1.185870766639709473e+00
-1.050534605979919434e+00
-1.175502419471740723e+00
-1.213008046150207520e+00
-5.102487206459045410e-01
-9.896381199359893799e-02
-9.474008679389953613e-01
-1.147830009460449219e+00
-1.089516878128051758e+00
-1.237895011901855469e+00
-9.977372288703918457e-01
-7.989266514778137207e-01
-1.431881427764892578e+00
-1.216414570808410645e+00
-9.746515750885009766e-01
-7.049527764320373535e-01
6.358910799026489258e-01
-7.657021880149841309e-01
-5.185378193855285645e-01
-7.360771298408508301e-01
-9.051046967506408691e-01
-1.098850131034851074e+00
-1.060867309570312500e+00
-8.985693454742431641e-01
-1.558509945869445801e+00
-5.892871618270874023e-01
-1.117124080657958984e+00
-8.436037898063659668e-01
-7.946873307228088379e-01
-1.237761616706848145e+00
-7.002119421958923340e-01
-8.539389967918395996e-01
-1.166588783264160156e+00
-1.032839536666870117e+00
-1.116987705230712891e+00
-1.048590421676635742e+00
9.962415099143981934e-01
-5.853528380393981934e-01
-1.117531657218933105e+00
-1.465296626091003418e+00
-1.229468822479248047e+00
-1.420387029647827148e+00
-1.145430445671081543e+00
-1.081812381744384766e+00
-1.357155799865722656e+00
-1.014043331146240234e+00
-1.084024548530578613e+00
2.924489080905914307e-01
-1.234225511550903320e+00
-1.150387883186340332e+00
-8.990978598594665527e-01
3.791443705558776855e-01
-1.147694706916809082e+00
-7.987644672393798828e-01
-1.293255567550659180e+00
-5.604836940765380859e-01
5.373740792274475098e-01
-1.173495411872863770e+00
-1.235743045806884766e+00
-5.987240672111511230e-01
-9.879396557807922363e-01
-1.314385533332824707e+00
6.040169000625610352e-01
-1.343693375587463379e+00
-1.043034791946411133e+00
-1.287866473197937012e+00
-9.750769138336181641e-01
-6.221045255661010742e-01
-1.011677026748657227e+00
-1.293820858001708984e+00
-2.759069502353668213e-01
-9.486193060874938965e-01
-1.345967531204223633e+00
-1.076130867004394531e+00
-7.729681730270385742e-01
-1.192836284637451172e+00
