-1.565173625946044922e+00
-1.811841726303100586e+00
-2.471187114715576172e+00
-2.397708415985107422e+00
-2.303131669759750366e-01
-1.784855127334594727e+00
-1.723350286483764648e+00
-2.903899192810058594e+00
-1.369608998298645020e+00
-1.523438811302185059e+00
-1.546223163604736328e+00
-2.734486341476440430e+00
-1.459814906120300293e+00
-1.011238217353820801e+00
-1.463215589523315430e+00
-1.762192845344543457e+00
-2.269800424575805664e+00
-3.107221364974975586e+00
6.423231124877929688e+00
-8.859283924102783203e-01
1.979317814111709595e-01
-2.147373914718627930e+00
-3.343446969985961914e+00
-2.701255559921264648e+00
-2.314486265182495117e+00
-2.699651718139648438e+00
-1.774682402610778809e+00
-2.841199159622192383e+00
-2.945904016494750977e+00
-1.242367506027221680e+00
5.866201877593994141e+00
1.022693061828613281e+01
-1.955194234848022461e+00
-2.960875511169433594e+00
-1.664105534553527832e+00
-1.557352304458618164e+00
-9.316138625144958496e-01
-2.781086683273315430e+00
-1.543986797332763672e-01
-1.665855407714843750e+00
-2.562384128570556641e+00
-2.143178462982177734e+00
-8.061036467552185059e-02
1.175599813461303711e+00
-2.331622362136840820e+00
-1.620500326156616211e+00
-2.519267082214355469e+00
-2.329909086227416992e+00
-2.671941518783569336e+00
-2.621901512145996094e+00
-1.620483279228210449e+00
8.088415145874023438e+00
-1.800525426864624023e+00
-1.453644633293151855e+00
-2.688743829727172852e+00
-1.758861660957336426e+00
-2.554161787033081055e+00
-1.874181747436523438e+00
-1.819240689277648926e+00
-2.009458780288696289e+00
-3.218779563903808594e+00
-2.240223407745361328e+00
-3.232716023921966553e-01
-1.040294528007507324e+00
3.782232850790023804e-02
5.345113873481750488e-01
-2.834286451339721680e+00
-2.142119646072387695e+00
-2.010164022445678711e+00
-2.157974481582641602e+00
-4.574472606182098389e-01
-1.634714365005493164e+00
-2.051292181015014648e+00
-2.559289693832397461e+00
-1.886466383934020996e+00
5.936527252197265625e-01
-2.282138347625732422e+00
-1.584319710731506348e+00
-2.241614341735839844e+00
-7.972128987312316895e-01
-2.087947607040405273e+00
-1.803770899772644043e+00
-1.045708656311035156e+00
-1.863354086875915527e+00
-2.245544672012329102e+00
-2.221073389053344727e+00
-3.157412052154541016e+00
-2.287645578384399414e+00
-2.163669109344482422e+00
-2.310076236724853516e+00
-3.310016632080078125e+00
-1.670859932899475098e+00
-2.983273983001708984e+00
-1.356734871864318848e+00
-1.851516962051391602e+00
-2.052470922470092773e+00
1.342879772186279297e+00
-2.355790376663208008e+00
-1.495851874351501465e+00
-2.406630516052246094e+00
-6.899769902229309082e-01
-2.199353933334350586e+00
-1.917834401130676270e+00
-1.737209320068359375e+00
-2.186030387878417969e+00
-3.303186655044555664e+00
-5.280905961990356445e-01
-1.618113040924072266e+00
1.289373278617858887e+00
-2.155319690704345703e+00
-3.063530683517456055e+00
-1.876131653785705566e+00
-2.567568778991699219e+00
-2.236246824264526367e+00
-2.060083001852035522e-01
-2.317594289779663086e+00
-1.450103282928466797e+00
-1.886232733726501465e+00
-2.616446018218994141e+00
-2.133934259414672852e+00
-2.245121479034423828e+00
-2.341082811355590820e+00
-2.557304859161376953e+00
-2.179909706115722656e+00
-3.009443759918212891e+00
-1.801206469535827637e+00
-2.573762655258178711e+00
-1.521951079368591309e+00
