-1.004885792732238770e+00
-1.465404033660888672e+00
-1.286973595619201660e+00
-8.680865168571472168e-01
-9.607880115509033203e-01
-3.679436445236206055e-01
-9.378783702850341797e-01
-7.470109462738037109e-01
-1.196911215782165527e+00
-1.039494514465332031e+00
-1.190025091171264648e+00
-1.333644747734069824e+00
-1.602806687355041504e+00
-1.119184255599975586e+00
-1.612172603607177734e+00
-1.560384988784790039e+00
2.465496659278869629e-01
-1.482733845710754395e+00
-1.828160047531127930e+00
8.246625661849975586e-01
-1.849795579910278320e+00
-1.535752773284912109e+00
-1.540858030319213867e+00
-8.617261052131652832e-01
-7.709829211235046387e-01
-1.933491587638854980e+00
4.626940250396728516e+00
4.470092058181762695e-01
-1.460124015808105469e+00
2.835414409637451172e+00
-9.386274218559265137e-01
2.110947817564010620e-01
-1.061989180743694305e-02
-1.716695904731750488e+00
-8.481935262680053711e-01
-1.206110835075378418e+00
-1.016003131866455078e+00
-1.530013084411621094e+00
2.009740352630615234e+00
7.552546262741088867e-01
-1.368675351142883301e+00
-1.060904622077941895e+00
-1.513154029846191406e+00
-8.159987926483154297e-01
-1.082062959671020508e+00
-2.504607439041137695e-01
1.150896072387695312e+00
-1.138811588287353516e+00
-1.375504732131958008e+00
-1.447242498397827148e+00
-1.369780302047729492e+00
-1.126720905303955078e+00
-1.998795986175537109e+00
-1.517698168754577637e+00
-1.814721703529357910e+00
-1.771814227104187012e+00
4.881198704242706299e-01
1.877530515193939209e-01
-1.110443353652954102e+00
-1.161388278007507324e+00
-1.231179356575012207e+00
-1.346384286880493164e+00
-1.120069026947021484e+00
-8.479461073875427246e-01
3.585665225982666016e+00
-1.866253495216369629e+00
-6.508929729461669922e-01
-7.426826953887939453e-01
-1.257915377616882324e+00
-1.674780130386352539e+00
-1.283074498176574707e+00
-1.414352416992187500e+00
-8.313705921173095703e-01
-1.476198911666870117e+00
-1.397253870964050293e+00
-1.303701877593994141e+00
-1.159323930740356445e+00
3.011704444885253906e+00
-8.988075852394104004e-01
-1.164924979209899902e+00
-1.117299318313598633e+00
1.391912221908569336e+00
-1.539054870605468750e+00
-9.733322262763977051e-01
-1.529259800910949707e+00
-1.911234498023986816e+00
-1.052311062812805176e+00
1.416765451431274414e-01
-1.941341519355773926e+00
-8.663016557693481445e-01
-1.323555231094360352e+00
-1.237607002258300781e+00
-1.357414484024047852e+00
-8.983101844787597656e-01
-1.496328592300415039e+00
-4.568625390529632568e-01
-1.087821960449218750e+00
-1.063144683837890625e+00
-1.519428968429565430e+00
-9.000227451324462891e-01
-1.801651239395141602e+00
-1.742287158966064453e+00
-1.270351648330688477e+00
1.438565254211425781e+00
-6.071960330009460449e-01
-1.365668892860412598e+00
-1.107823371887207031e+00
-9.726192951202392578e-01
-1.185683727264404297e+00
-1.739276170730590820e+00
-1.438592910766601562e+00
-5.456911921501159668e-01
1.021025538444519043e+00
-1.428371548652648926e+00
-1.257799744606018066e+00
-9.186314344406127930e-01
-1.374594807624816895e+00
-2.006830692291259766e+00
-1.753712654113769531e+00
-9.201520681381225586e-01
-4.657058715820312500e-01
-1.426916122436523438e+00
-1.617431879043579102e+00
-8.179547190666198730e-01
-1.134584903717041016e+00
-1.082080841064453125e+00
-1.470471769571304321e-01
-1.136222481727600098e+00
