-1.241893529891967773e+00
-1.419925451278686523e+00
-1.485025167465209961e+00
-1.843275904655456543e+00
-2.003432750701904297e+00
-1.589420318603515625e+00
-1.415220022201538086e+00
-1.554957985877990723e+00
-1.529193878173828125e+00
-1.366593956947326660e+00
-1.246589064598083496e+00
-1.616124033927917480e+00
-1.221908330917358398e+00
2.472357153892517090e-01
3.994157314300537109e+00
-1.534562945365905762e+00
-2.124187707901000977e+00
-1.383226037025451660e+00
-1.101124763488769531e+00
1.204759955406188965e+00
-1.787266254425048828e+00
1.526355862617492676e+00
-1.753092288970947266e+00
3.793543815612792969e+00
-1.548736333847045898e+00
-1.479168891906738281e+00
-6.955590844154357910e-01
-1.110037803649902344e+00
-2.096274375915527344e+00
-1.123247742652893066e+00
-9.362441897392272949e-01
-8.182402849197387695e-01
-1.394024014472961426e+00
-1.397380113601684570e+00
-1.016591191291809082e+00
-1.381005644798278809e+00
-1.987563848495483398e+00
-1.777939438819885254e+00
-1.057397961616516113e+00
-1.076094865798950195e+00
-1.962514042854309082e+00
-1.232003808021545410e+00
-1.233982801437377930e+00
-1.180569410324096680e+00
3.292400360107421875e+00
-1.500704884529113770e+00
-1.199428081512451172e+00
-1.669750213623046875e+00
-1.142179608345031738e+00
-1.183304548263549805e+00
-3.290133476257324219e-01
-1.518728971481323242e+00
-1.051128506660461426e+00
1.623564720153808594e+00
1.747684478759765625e-01
1.104969859123229980e+00
3.622514009475708008e+00
-1.488754153251647949e+00
-1.661736607551574707e+00
-2.522694826126098633e+00
-1.716865539550781250e+00
-3.746014833450317383e-01
-1.869779467582702637e+00
-1.456684023141860962e-01
-1.416132330894470215e+00
-1.684562087059020996e+00
-1.015006422996520996e+00
-1.258527278900146484e+00
1.246251225471496582e+00
-1.083083271980285645e+00
-1.750632643699645996e+00
-1.620005726814270020e+00
2.989006280899047852e+00
-6.692174673080444336e-01
-4.644982516765594482e-01
-1.171358346939086914e+00
-1.516865253448486328e+00
-1.832701921463012695e+00
-1.760104060173034668e+00
-1.581074118614196777e+00
-1.250463485717773438e+00
-1.772768259048461914e+00
-1.951355576515197754e+00
-6.170704364776611328e-01
-1.258682250976562500e+00
-5.396642684936523438e-01
-1.784201264381408691e+00
-5.912622809410095215e-01
5.551279187202453613e-01
-1.604375958442687988e+00
-2.012371540069580078e+00
-1.735295534133911133e+00
-1.788179755210876465e+00
-9.989832043647766113e-01
-9.415909051895141602e-01
-1.320397734642028809e+00
-1.259413242340087891e+00
-1.304081201553344727e+00
-1.368153095245361328e+00
-1.326031088829040527e+00
-8.910675346851348877e-02
1.738586783409118652e+00
-1.006090641021728516e+00
-1.916872262954711914e+00
-8.453433513641357422e-01
-2.142796993255615234e+00
-5.483297109603881836e-01
-4.692759811878204346e-01
-9.596471786499023438e-01
-1.235614657402038574e+00
-1.053878664970397949e+00
7.674553394317626953e-01
6.830051541328430176e-01
-1.313004493713378906e+00
-1.259569406509399414e+00
2.271330542862415314e-02
2.254875421524047852e+00
-1.343480467796325684e+00
-1.920245528221130371e+00
-1.219280123710632324e+00
-1.521730661392211914e+00
-2.003968656063079834e-01
-1.630074262619018555e+00
2.666824579238891602e+00
-1.105558276176452637e+00
-1.597906708717346191e+00
-1.374177217483520508e+00
-1.674486994743347168e+00
