-8.071075677871704102e-01
-6.101877093315124512e-01
-1.078740239143371582e+00
-1.053621649742126465e+00
-4.962667524814605713e-01
-1.365476608276367188e+00
-1.335427165031433105e+00
-6.795112490653991699e-01
-1.005895614624023438e+00
-1.232263684272766113e+00
-1.713901281356811523e+00
-1.321693778038024902e+00
-6.995021104812622070e-01
-3.998126983642578125e-01
-3.137838840484619141e-01
-6.788866519927978516e-01
-7.405295968055725098e-01
-5.529916882514953613e-01
-5.307133793830871582e-01
-1.063050627708435059e+00
-6.716076731681823730e-01
-1.142536520957946777e+00
-1.557595491409301758e+00
-1.101298928260803223e+00
6.326978802680969238e-01
-6.635453104972839355e-01
-3.936910033226013184e-01
-6.132462024688720703e-01
-6.191278696060180664e-01
-5.808023810386657715e-01
-9.804558753967285156e-01
-2.017966061830520630e-01
2.140819430351257324e-01
-1.040438055992126465e+00
-7.997680902481079102e-01
-8.444392085075378418e-01
-5.264866948127746582e-01
-9.100710153579711914e-01
7.146871834993362427e-02
-8.608745336532592773e-01
-4.696168303489685059e-01
-9.412141442298889160e-01
-8.054930567741394043e-01
-5.459746122360229492e-01
-1.458176136016845703e+00
-2.362218648195266724e-01
-1.074305415153503418e+00
-5.562625527381896973e-01
-5.337141752243041992e-01
-3.194853961467742920e-01
-1.567649722099304199e+00
-7.397372126579284668e-01
-9.660364985466003418e-01
-7.191730737686157227e-01
1.278990656137466431e-01
-6.745422482490539551e-01
-8.535251617431640625e-01
-7.790547609329223633e-01
-1.262586951255798340e+00
7.609223574399948120e-02
1.985450275242328644e-02
-9.116119742393493652e-01
-6.746131181716918945e-01
-7.764538526535034180e-01
-7.549095749855041504e-01
-6.713286638259887695e-01
-8.450149893760681152e-01
-1.484884023666381836e+00
-1.118106603622436523e+00
6.350104808807373047e-01
-3.647073805332183838e-01
-1.374270796775817871e+00
-8.696624040603637695e-01
-1.033085703849792480e+00
-5.785787105560302734e-01
-7.091096639633178711e-01
-4.307571351528167725e-01
-1.477854371070861816e+00
-7.406826019287109375e-01
-5.278809666633605957e-01
-7.526014447212219238e-01
-1.190075159072875977e+00
-8.110615611076354980e-01
-5.006790906190872192e-02
-1.613688945770263672e+00
9.668219834566116333e-02
-1.305946946144104004e+00
7.454720139503479004e-01
-6.643304228782653809e-01
-5.850846171379089355e-01
-4.536348581314086914e-01
-6.814013719558715820e-01
-6.886054873466491699e-01
-7.344213724136352539e-01
-1.015588164329528809e+00
-6.852266192436218262e-01
3.702365756034851074e-01
-4.127205610275268555e-01
-3.908397555351257324e-01
-9.589444994926452637e-01
-1.579237461090087891e+00
-2.900267243385314941e-01
-7.495878934860229492e-01
-8.685600757598876953e-01
-2.047605276107788086e+00
-2.673923075199127197e-01
-7.676299214363098145e-01
-2.788602709770202637e-01
-1.063031315803527832e+00
-9.790243506431579590e-01
1.304577708244323730e+00
-1.155179366469383240e-01
-8.868410587310791016e-01
2.816909365355968475e-02
-1.332033157348632812e+00
1.403261870145797729e-01
-1.236715793609619141e+00
-1.231010928750038147e-01
-9.499102830886840820e-01
-6.458503007888793945e-01
-1.346772074699401855e+00
-1.045135855674743652e+00
-8.992179632186889648e-01
-5.922386050224304199e-01
-8.513729572296142578e-01
-6.723556518554687500e-01
1.039199307560920715e-01
-9.188863635063171387e-01
