-1.367899537086486816e+00
-1.424070119857788086e+00
-5.979371070861816406e-01
1.300880432128906250e+00
-6.664614081382751465e-01
-1.624558687210083008e+00
-1.156123161315917969e+00
-1.436113357543945312e+00
-9.582701325416564941e-01
5.990259051322937012e-01
-1.145570158958435059e+00
-1.024696469306945801e+00
-1.263303518295288086e+00
-8.105280399322509766e-01
-8.884296417236328125e-01
-6.404471993446350098e-01
-9.529705643653869629e-01
-1.122956514358520508e+00
-8.116157650947570801e-01
-1.535758852958679199e+00
-1.415555357933044434e+00
-1.311339020729064941e+00
-1.149552583694458008e+00
-1.317778110504150391e+00
-1.057586193084716797e+00
-1.022005438804626465e+00
-1.165623784065246582e+00
-4.023694992065429688e-01
-7.510203123092651367e-01
-8.642847537994384766e-01
-1.176503658294677734e+00
-4.678781032562255859e-01
-1.077100992202758789e+00
-1.139283895492553711e+00
-1.819997549057006836e+00
-8.883578777313232422e-01
-1.072374343872070312e+00
-1.807906150817871094e+00
-9.978080391883850098e-01
-9.310556054115295410e-01
-7.998354434967041016e-01
6.141422390937805176e-01
-1.216251730918884277e+00
-1.064927577972412109e+00
-1.817352533340454102e+00
-1.245357871055603027e+00
-1.149922132492065430e+00
-9.446558952331542969e-01
-8.274520039558410645e-01
-8.778238296508789062e-01
-1.315240740776062012e+00
-9.703349471092224121e-01
-1.050365924835205078e+00
-1.103862285614013672e+00
-2.071142196655273438e-01
-1.770721197128295898e+00
-7.302613258361816406e-01
-1.197306275367736816e+00
-1.711362898349761963e-01
-8.167150020599365234e-01
-1.176785826683044434e+00
-5.628836750984191895e-01
-7.973176240921020508e-01
2.519962191581726074e-01
-1.099763274192810059e+00
-2.525910437107086182e-01
-1.444237589836120605e+00
-9.447508454322814941e-01
-1.310883760452270508e+00
-2.282078415155410767e-01
-1.279703497886657715e+00
-7.719548940658569336e-01
-8.693757653236389160e-01
-2.719376385211944580e-01
-9.500718116760253906e-01
-8.044040203094482422e-01
-1.282644391059875488e+00
-1.086555957794189453e+00
-1.021853685379028320e+00
-9.475129246711730957e-01
-2.193295717239379883e+00
-4.664910435676574707e-01
-1.295503735542297363e+00
-5.393681526184082031e-01
-1.026141405105590820e+00
-8.402510285377502441e-01
-1.361512660980224609e+00
-8.671693205833435059e-01
-1.215233922004699707e+00
-7.967971563339233398e-01
-4.587232768535614014e-01
-9.484854340553283691e-01
-1.107759594917297363e+00
-8.469923734664916992e-01
-1.127372384071350098e+00
-1.149762988090515137e+00
-1.256365656852722168e+00
-6.574333310127258301e-01
-1.070642113685607910e+00
-1.158220052719116211e+00
-1.434333205223083496e+00
-1.148885011672973633e+00
-1.001257181167602539e+00
-9.098324179649353027e-01
8.790801167488098145e-01
-1.217772245407104492e+00
-9.898880124092102051e-01
-1.069344639778137207e+00
6.774696111679077148e-01
-6.016128659248352051e-01
-2.575680017471313477e-01
-1.183339118957519531e+00
6.324670314788818359e-01
-8.853384852409362793e-01
6.275072097778320312e-01
-8.559148907661437988e-01
-9.374707937240600586e-01
-6.419356465339660645e-01
1.410240679979324341e-01
-1.124824047088623047e+00
-1.738913059234619141e+00
-3.658693134784698486e-01
-6.784707307815551758e-01
-7.094854116439819336e-01
-4.810650646686553955e-01
-9.118497371673583984e-01
-5.028240382671356201e-02
-1.116446852684020996e+00
