-1.434722423553466797e+00
-2.636305332183837891e+00
-2.258790969848632812e+00
-1.301816344261169434e+00
-1.897595643997192383e+00
-1.383762121200561523e+00
-2.440833091735839844e+00
-3.080054521560668945e+00
-1.370525598526000977e+00
-4.090353548526763916e-01
-1.043615341186523438e+00
-1.711805582046508789e+00
2.187789082527160645e-01
-8.442634940147399902e-01
-1.370319008827209473e+00
-2.275324106216430664e+00
-6.492701768875122070e-01
-5.407961010932922363e-01
-1.958568215370178223e+00
-1.640706062316894531e+00
-9.580275416374206543e-01
-2.081361770629882812e+00
-5.083410143852233887e-01
-3.213318586349487305e+00
-3.911512494087219238e-01
-2.721546411514282227e+00
-1.872658491134643555e+00
7.623896598815917969e+00
-1.749157190322875977e+00
-6.208305358886718750e-01
-8.871219158172607422e-01
-7.489888072013854980e-01
-2.293296575546264648e+00
-1.524506688117980957e+00
-1.702678203582763672e+00
-1.300076365470886230e+00
-2.003646373748779297e+00
-2.249984264373779297e+00
-1.077819466590881348e+00
-2.951714038848876953e+00
-2.785144805908203125e+00
-3.314583301544189453e+00
-4.256808459758758545e-01
-2.783969402313232422e+00
-1.716830730438232422e+00
-2.463348150253295898e+00
-2.023911952972412109e+00
-1.445792078971862793e+00
-1.127269506454467773e+00
-1.519800901412963867e+00
-1.126808881759643555e+00
3.233340084552764893e-01
-2.036152362823486328e+00
-1.415363311767578125e+00
-2.590886950492858887e-01
-1.424256443977355957e+00
-8.824878334999084473e-01
-1.539466500282287598e+00
-1.701642036437988281e+00
-1.505840420722961426e+00
-1.617869019508361816e+00
-1.969190478324890137e+00
-1.505918502807617188e+00
-3.372297286987304688e+00
-6.433168053627014160e-01
-1.253014445304870605e+00
-4.464632868766784668e-01
-8.080125451087951660e-01
-1.735342264175415039e+00
-6.535640452057123184e-03
-2.925385236740112305e+00
-2.013317108154296875e+00
-1.753152847290039062e+00
-2.622547864913940430e+00
1.353060483932495117e+00
-2.274320840835571289e+00
-6.950799822807312012e-01
-2.083050251007080078e+00
-1.113336443901062012e+00
-2.695681750774383545e-01
-1.229951739311218262e+00
-2.072951078414916992e+00
-1.899718403816223145e+00
-5.631663203239440918e-01
-2.114140510559082031e+00
-1.080078125000000000e+00
-2.791512250900268555e+00
-3.355042636394500732e-01
-3.425978422164916992e+00
-2.129638910293579102e+00
-4.247958958148956299e-01
-8.352360874414443970e-02
-2.289951086044311523e+00
-1.560476422309875488e+00
-1.457514524459838867e+00
-1.023985624313354492e+00
-2.453226089477539062e+00
-2.327057600021362305e+00
-1.952202796936035156e+00
-1.850601315498352051e+00
-8.683496713638305664e-01
-1.450572609901428223e+00
-2.376700401306152344e+00
-1.402584910392761230e+00
-1.742977380752563477e+00
-2.424842596054077148e+00
-2.208551883697509766e+00
-2.050508975982666016e+00
-1.644961118698120117e+00
-1.687440156936645508e+00
-2.408994674682617188e+00
-1.464273452758789062e+00
-3.046731472015380859e+00
-1.808286786079406738e+00
-2.593239545822143555e+00
-2.039608061313629150e-01
-1.316441655158996582e+00
-3.559832274913787842e-01
-2.167285680770874023e+00
-2.001843214035034180e+00
-2.879757642745971680e+00
5.631036758422851562e-01
-2.300364971160888672e+00
-2.838643074035644531e+00
2.558099746704101562e+00
-1.925915241241455078e+00
-6.342800855636596680e-01
-1.462654232978820801e+00
