-2.237846374511718750e+00
-9.106837213039398193e-02
-6.570621132850646973e-01
-1.427127480506896973e+00
-1.690979361534118652e+00
-2.341948986053466797e+00
-3.931495547294616699e-01
7.649679780006408691e-01
-2.842043340206146240e-01
5.538527965545654297e-01
-8.690588474273681641e-01
-1.465316057205200195e+00
-2.674687147140502930e+00
-3.617678582668304443e-01
2.231273353099822998e-01
-5.480734109878540039e-01
-7.723299860954284668e-01
-2.222159147262573242e+00
-7.220270037651062012e-01
4.100013673305511475e-01
-7.719418406486511230e-01
-1.105738401412963867e+00
-2.428403049707412720e-01
-9.597234129905700684e-01
-9.519346356391906738e-01
1.900837868452072144e-01
-1.782890439033508301e+00
-1.818746030330657959e-01
-3.749783337116241455e-01
-7.652657628059387207e-01
-2.134740591049194336e+00
-6.233891248703002930e-01
-7.656733393669128418e-01
-8.403803706169128418e-01
7.004087567329406738e-01
-1.234975099563598633e+00
-7.768136858940124512e-01
-2.099986314773559570e+00
-1.890102982521057129e+00
6.348084807395935059e-01
-2.006528854370117188e+00
-2.285001039505004883e+00
-1.121937751770019531e+00
-6.784781217575073242e-01
-5.897114872932434082e-01
-8.903848528861999512e-01
-1.891681194305419922e+00
-9.300428032875061035e-01
-2.371475458145141602e+00
-4.131598174571990967e-01
-1.525431990623474121e+00
-3.282277584075927734e-01
9.597802758216857910e-01
-1.672341346740722656e+00
-1.466714978218078613e+00
-1.759893774986267090e+00
-2.396437644958496094e+00
-1.110038995742797852e+00
-4.345681518316268921e-02
-2.159574985504150391e+00
-5.990121960639953613e-01
-2.228810071945190430e+00
-8.285677433013916016e-01
-1.324013233184814453e+00
-1.357847452163696289e+00
-1.900805473327636719e+00
-1.851254582405090332e+00
-4.091233611106872559e-01
-1.568592190742492676e-01
-2.395801305770874023e+00
-1.733372092247009277e+00
-6.787695288658142090e-01
-1.454647183418273926e+00
-9.380002617835998535e-01
-1.148272275924682617e+00
-1.700290203094482422e+00
-1.045875549316406250e+00
-9.917509555816650391e-01
-6.364195942878723145e-01
-1.782103031873703003e-01
-1.494762450456619263e-01
-4.288770854473114014e-01
-1.038849115371704102e+00
-8.578865528106689453e-01
-1.762716889381408691e+00
1.180998444557189941e+00
-3.215203583240509033e-01
-1.598353743553161621e+00
-1.525254249572753906e+00
-6.448656320571899414e-01
-2.393551349639892578e+00
1.114958748221397400e-01
-1.776185989379882812e+00
-7.874858975410461426e-01
-2.512755990028381348e-01
-9.547286629676818848e-01
-4.645441174507141113e-01
-2.460268020629882812e+00
5.404523387551307678e-02
-9.604365825653076172e-01
-3.613991737365722656e-01
-9.321917891502380371e-01
-1.555430531501770020e+00
-1.160763144493103027e+00
-1.782855153083801270e+00
-1.464819669723510742e+00
-2.589249014854431152e-01
2.430265694856643677e-01
-1.336369395256042480e+00
-5.022819638252258301e-01
-1.555062890052795410e+00
-7.008867859840393066e-01
4.629090800881385803e-02
-8.394801020622253418e-01
-2.419357061386108398e+00
-2.878602445125579834e-01
-1.700737774372100830e-01
-6.934363245964050293e-01
-1.086849093437194824e+00
3.365409970283508301e-01
-2.025214195251464844e+00
-1.440729498863220215e+00
-1.146985173225402832e+00
-2.389469385147094727e+00
-1.314298987388610840e+00
-1.260739207267761230e+00
-1.159896969795227051e+00
-2.541225194931030273e+00
