-1.150434557348489761e-02
-6.617072820663452148e-01
-4.999940097332000732e-01
-1.304548978805541992e+00
-1.565372586250305176e+00
-8.660447001457214355e-01
-8.376739025115966797e-01
-1.906189084053039551e+00
-1.257166266441345215e-01
-9.001551866531372070e-01
-1.585298657417297363e+00
1.011162877082824707e+00
-1.213486909866333008e+00
5.387213230133056641e-01
-5.670341849327087402e-01
-4.893198013305664062e-01
8.673094213008880615e-02
-1.745125770568847656e+00
-7.255039215087890625e-01
-1.693753719329833984e+00
-9.554091691970825195e-01
-8.300405740737915039e-01
-1.238208770751953125e+00
-4.284579753875732422e-01
-1.741333127021789551e+00
-1.484819889068603516e+00
-6.277691721916198730e-01
-1.043896436691284180e+00
-2.237938046455383301e-01
-2.088576555252075195e+00
-3.043736517429351807e-01
-1.346135735511779785e+00
-7.707437276840209961e-01
-1.863319873809814453e-01
-5.278277993202209473e-01
-4.090023636817932129e-01
-7.267478704452514648e-01
-1.519041657447814941e-01
-8.842086791992187500e-01
-7.305858135223388672e-01
-1.874943852424621582e+00
-8.786090016365051270e-01
-2.001115560531616211e+00
-1.684893727302551270e+00
-8.741832375526428223e-01
-1.521389126777648926e+00
-1.387945652008056641e+00
-1.138909935951232910e+00
-1.030422329902648926e+00
-7.128114700317382812e-01
-1.112217187881469727e+00
-2.470935732126235962e-01
-4.005994200706481934e-01
-5.915887355804443359e-01
-1.797417759895324707e+00
7.893082499504089355e-01
-9.948495626449584961e-01
-1.023346781730651855e-01
-1.157523393630981445e+00
-1.182658314704895020e+00
-3.324869647622108459e-02
-4.899806380271911621e-01
-1.666603922843933105e+00
-3.876982033252716064e-01
-1.513090372085571289e+00
2.787174463272094727e+00
4.548617899417877197e-01
-1.243512153625488281e+00
-9.169403910636901855e-01
-1.588221311569213867e+00
2.476400583982467651e-01
-1.512606620788574219e+00
-1.114883661270141602e+00
-5.850523114204406738e-01
-5.473611354827880859e-01
-9.975893497467041016e-01
-1.502774000167846680e+00
1.592755466699600220e-01
-9.747761487960815430e-01
2.683112397789955139e-02
-3.774752020835876465e-01
-8.839635848999023438e-01
-3.541519641876220703e-01
-4.837666451930999756e-01
-1.646632671356201172e+00
-1.524610996246337891e+00
-1.286380767822265625e+00
-9.577234983444213867e-01
-4.371924400329589844e-01
-1.204247355461120605e+00
-1.965460300445556641e+00
-1.093723773956298828e+00
1.596376150846481323e-01
-1.948765277862548828e+00
-1.642012715339660645e+00
-1.451897382736206055e+00
-1.291293740272521973e+00
-1.782160401344299316e+00
-4.304687976837158203e-01
-1.143520236015319824e+00
9.278894662857055664e-01
-1.289741039276123047e+00
-2.154956907033920288e-01
-1.050220012664794922e+00
-8.167139887809753418e-01
-7.867640852928161621e-01
-3.960266411304473877e-01
-4.022214412689208984e-01
-1.651630282402038574e+00
1.315908581018447876e-01
-1.131870985031127930e+00
-4.350247979164123535e-01
-1.547310352325439453e+00
-9.765470027923583984e-01
-3.424432277679443359e-01
-1.481601119041442871e+00
7.282999157905578613e-01
-7.537616491317749023e-01
-1.083272695541381836e+00
-1.381472110748291016e+00
-1.760578036308288574e+00
-1.181894302368164062e+00
2.696574032306671143e-01
-1.722377181053161621e+00
-1.598807692527770996e+00
-7.302142381668090820e-01
-1.024771451950073242e+00
-9.434200525283813477e-01
