-2.584754228591918945e-01
-2.156627178192138672e-01
-1.649583578109741211e-01
-3.407516330480575562e-02
-1.357449889183044434e-01
-7.787292450666427612e-02
-1.741419732570648193e-01
-1.837470084428787231e-01
-4.524485394358634949e-02
-1.301765590906143188e-01
-1.035868227481842041e-01
-6.629846990108489990e-02
-9.585472196340560913e-02
-1.382558643817901611e-01
-1.891956031322479248e-01
-1.021476909518241882e-01
-1.175059005618095398e-01
-2.005464136600494385e-01
-1.308640241622924805e-01
-8.845884352922439575e-02
-1.020230278372764587e-01
-1.482310891151428223e-01
-1.536881029605865479e-01
-5.920158699154853821e-02
-1.944926232099533081e-01
-1.375215649604797363e-01
-8.591836690902709961e-02
-6.987494230270385742e-02
-1.593153923749923706e-01
-2.082209438085556030e-01
-1.548151224851608276e-01
-1.051612123847007751e-01
-1.193149536848068237e-01
7.411427795886993408e-02
-6.979010999202728271e-02
-8.381452411413192749e-02
-1.458624601364135742e-01
-8.819108456373214722e-02
-1.004123538732528687e-01
-1.454136669635772705e-01
-1.775279045104980469e-01
-1.798986941576004028e-01
-1.938746310770511627e-02
-1.100368723273277283e-01
1.606866903603076935e-02
-2.666060626506805420e-01
-3.173578679561614990e-01
-2.355199679732322693e-02
-1.842588186264038086e-01
-3.169482350349426270e-01
-2.134734392166137695e-01
2.778813429176807404e-02
-1.591852605342864990e-01
-5.277337506413459778e-02
-1.075527817010879517e-01
-6.214269995689392090e-02
-6.888329982757568359e-02
-1.092299520969390869e-01
-1.235676854848861694e-01
-1.571759879589080811e-01
-5.665545165538787842e-02
-1.506184935569763184e-01
-7.507697492837905884e-02
-1.095819845795631409e-01
-1.946207135915756226e-01
-1.099333837628364563e-01
-1.562176924198865891e-02
-2.804920310154557228e-03
-2.464358955621719360e-01
-3.052468039095401764e-02
-7.026246190071105957e-02
-1.759954988956451416e-01
-1.519713401794433594e-01
-1.111547052860260010e-01
-9.087996184825897217e-02
-2.168313115835189819e-01
-1.277957558631896973e-01
-9.960028529167175293e-02
-1.014486476778984070e-01
-1.545477211475372314e-01
-1.422657519578933716e-01
-4.503468424081802368e-02
-2.400018088519573212e-02
-2.401246279478073120e-01
-6.649609655141830444e-02
-6.470614671707153320e-02
-1.595811694860458374e-01
-1.539984345436096191e-01
-1.766839921474456787e-01
-2.028499543666839600e-01
-7.042116671800613403e-02
-1.831690520048141479e-01
-7.533731311559677124e-02
-3.109555318951606750e-02
-1.693423986434936523e-01
-1.286569535732269287e-01
-9.350470453500747681e-02
-2.851692773401737213e-02
-1.946496367454528809e-01
-1.090994402766227722e-01
-1.311019957065582275e-01
-7.342252135276794434e-02
-1.467851847410202026e-01
-2.624919116497039795e-01
-1.181652843952178955e-01
-8.117656409740447998e-02
-1.312335133552551270e-01
-1.042394042015075684e-01
-8.240485936403274536e-02
-1.145659983158111572e-01
-2.076086252927780151e-01
-1.167226657271385193e-01
-1.152834966778755188e-01
-1.337587237358093262e-01
-2.049296945333480835e-01
-1.199775636196136475e-01
-1.710766367614269257e-02
-7.070846855640411377e-02
-1.957157105207443237e-01
-1.676849722862243652e-01
-5.862579867243766785e-02
-1.850953102111816406e-01
-1.466076225042343140e-01
-1.886323243379592896e-01
3.748215362429618835e-02
-1.877086460590362549e-01
-2.057040631771087646e-01
-1.487032920122146606e-01
