8.020961284637451172e-02
2.599764466285705566e-01
7.786808609962463379e-01
-1.305591464042663574e+00
-1.263082742691040039e+00
-1.112672090530395508e+00
-1.272296071052551270e+00
-1.132585525512695312e+00
-1.127598166465759277e+00
-1.014102458953857422e+00
-1.271099805831909180e+00
-3.243583142757415771e-01
-1.181908249855041504e+00
-1.458928227424621582e+00
-1.331721544265747070e+00
9.110328555107116699e-01
-3.193957805633544922e-01
-7.100691199302673340e-01
-1.332982897758483887e+00
-1.621483802795410156e+00
1.037424325942993164e+00
-6.375215649604797363e-01
-4.484805762767791748e-01
-6.440596580505371094e-01
-1.803382396697998047e+00
-1.302579760551452637e+00
6.563952565193176270e-01
-9.162629842758178711e-01
-3.331073224544525146e-01
-1.432007193565368652e+00
-1.582842946052551270e+00
-1.509786367416381836e+00
-6.728004813194274902e-01
-1.170009136199951172e+00
-8.087930679321289062e-01
-1.259591341018676758e+00
-1.027822852134704590e+00
-1.149044394493103027e+00
1.349547743797302246e+00
-1.167326211929321289e+00
-1.101811528205871582e+00
-1.180063962936401367e+00
-1.825869798660278320e+00
-3.882154822349548340e-01
-5.441941022872924805e-01
-1.056184411048889160e+00
5.296419858932495117e-01
-1.426404595375061035e+00
7.228348851203918457e-01
-1.452468276023864746e+00
-9.925419092178344727e-01
-9.680399894714355469e-01
-9.189716577529907227e-01
-1.224564194679260254e+00
-1.153211832046508789e+00
-5.882612466812133789e-01
-1.548251986503601074e+00
-1.420285463333129883e+00
-1.052899241447448730e+00
-8.992642164230346680e-01
-1.278100967407226562e+00
-6.250643134117126465e-01
-1.093857526779174805e+00
-1.409148097038269043e+00
-1.385307669639587402e+00
-1.433071851730346680e+00
-1.532756447792053223e+00
-1.572092533111572266e+00
-6.209849119186401367e-01
-1.073082804679870605e+00
-1.401501417160034180e+00
-7.839584350585937500e-01
1.054962053894996643e-01
-8.878509402275085449e-01
-8.744348883628845215e-01
-1.165003061294555664e+00
-1.129630804061889648e+00
-9.758268594741821289e-01
-9.234719276428222656e-01
-1.002090334892272949e+00
-1.393169045448303223e+00
-8.816251158714294434e-01
-1.068840622901916504e+00
-9.138435721397399902e-01
-1.482709765434265137e+00
-1.624472022056579590e+00
-1.603376418352127075e-01
-9.753572940826416016e-01
-1.150169014930725098e+00
-1.329661726951599121e+00
-1.289036870002746582e+00
-2.908705472946166992e-01
-1.722575426101684570e+00
-8.348275423049926758e-01
-9.665181040763854980e-01
-6.967820525169372559e-01
-1.064041376113891602e+00
-4.657759368419647217e-01
-1.292733430862426758e+00
-1.841723799705505371e+00
-1.132783532142639160e+00
-2.211133718490600586e+00
-9.483267068862915039e-01
-1.244716763496398926e+00
-1.039425969123840332e+00
-9.995023012161254883e-01
-1.267708182334899902e+00
-9.229896068572998047e-01
-2.709201574325561523e-01
-9.619310498237609863e-01
-9.205574989318847656e-01
-3.023281991481781006e-01
-3.225353062152862549e-01
-1.021373510360717773e+00
-9.735351204872131348e-01
-1.560264825820922852e+00
-1.286936163902282715e+00
-1.410860776901245117e+00
-1.831626057624816895e+00
3.908684253692626953e-01
-1.260614037513732910e+00
4.905857741832733154e-01
-7.082520127296447754e-01
-1.377206325531005859e+00
1.468362957239151001e-01
-1.237708210945129395e+00
-1.507545709609985352e+00
-9.880816936492919922e-01
