-2.173181176185607910e-01
-5.420270934700965881e-02
-1.620962023735046387e-01
-1.971959471702575684e-01
-1.302985996007919312e-01
-5.944065749645233154e-02
-8.820386230945587158e-02
-1.935570091009140015e-01
-2.766765356063842773e-01
-1.090633496642112732e-01
-1.477428376674652100e-01
-3.028548955917358398e-01
-2.694713473320007324e-01
-2.335484176874160767e-01
-2.498564422130584717e-01
-2.737704813480377197e-01
-2.071629911661148071e-01
-2.221674472093582153e-01
-1.023345217108726501e-01
-2.160068303346633911e-01
-6.056543439626693726e-02
-2.416406571865081787e-01
-2.382444292306900024e-01
-2.106060236692428589e-01
-9.373991191387176514e-02
-1.355333030223846436e-01
-2.385182678699493408e-01
-1.508524864912033081e-01
-2.410723865032196045e-01
-1.077279150485992432e-01
-3.022087812423706055e-01
-1.198319792747497559e-01
-6.724256277084350586e-02
-2.244301736354827881e-01
-1.962764263153076172e-01
3.990761190652847290e-02
-2.856685519218444824e-01
-7.033648341894149780e-02
-1.535097211599349976e-01
-1.380384713411331177e-01
-1.404401510953903198e-01
-1.944426260888576508e-02
-2.722619771957397461e-01
-1.336510181427001953e-01
-1.065098643302917480e-01
-8.962964266538619995e-02
-7.248548418283462524e-02
-1.473299711942672729e-01
-2.649157941341400146e-01
-8.646770566701889038e-02
-1.224370449781417847e-01
-2.051519155502319336e-01
-2.570698261260986328e-01
-1.581116765737533569e-01
-1.560522168874740601e-01
-1.554382741451263428e-01
-1.009254157543182373e-01
-1.222307756543159485e-01
-1.673279255628585815e-01
-1.245612055063247681e-01
-3.952412679791450500e-02
-2.454701215028762817e-01
-2.135389745235443115e-01
-2.007373720407485962e-01
-2.204185128211975098e-01
-2.170972079038619995e-01
-8.686774410307407379e-03
-9.505781531333923340e-02
-2.475205659866333008e-01
-2.683425247669219971e-01
-2.032149434089660645e-01
-2.550432980060577393e-01
-1.293063461780548096e-01
-2.542132735252380371e-01
-2.102541476488113403e-01
-3.198300600051879883e-01
-1.061427667737007141e-01
-2.313736081123352051e-01
-9.861282259225845337e-02
-1.636775285005569458e-01
-9.023778140544891357e-02
-2.400602847337722778e-01
-1.977710425853729248e-01
-2.570424973964691162e-01
-3.123871982097625732e-01
-1.908010840415954590e-01
-1.596066951751708984e-01
-1.748907715082168579e-01
-1.641272306442260742e-01
-2.756661772727966309e-01
-6.006777286529541016e-02
-1.571443825960159302e-01
-1.615257561206817627e-01
-1.402301937341690063e-01
-1.207267865538597107e-01
-1.258645206689834595e-01
-1.999285519123077393e-01
-7.691756635904312134e-02
-3.248635828495025635e-01
-9.866831451654434204e-02
-1.275567412376403809e-01
-8.550008386373519897e-02
-2.162832468748092651e-01
-1.929925531148910522e-01
-1.913060545921325684e-01
-8.066087961196899414e-02
-1.275557726621627808e-01
-2.262901216745376587e-01
-1.479268223047256470e-01
-1.581300795078277588e-01
-1.800845414400100708e-01
-2.071819156408309937e-01
-2.098360359668731689e-01
-2.571647465229034424e-01
-1.961397528648376465e-01
-8.456134796142578125e-02
-3.188805282115936279e-01
-1.701159477233886719e-01
-1.622615754604339600e-01
-1.519366353750228882e-01
-2.225344330072402954e-01
-2.167021632194519043e-01
-3.035398423671722412e-01
-2.090869098901748657e-01
-2.318932563066482544e-01
-2.096717506647109985e-01
-8.844128251075744629e-02
-2.971113920211791992e-01
