-2.017695754766464233e-01
-8.646282553672790527e-01
-1.163940429687500000e+00
-1.690061569213867188e+00
-1.761738300323486328e+00
-1.667659282684326172e+00
-5.655781030654907227e-01
-1.557729005813598633e+00
-1.165815711021423340e+00
-1.528272926807403564e-01
-2.431155920028686523e+00
-1.293922185897827148e+00
-6.831632256507873535e-01
-9.033708572387695312e-01
-1.819329738616943359e+00
-9.593598246574401855e-01
-1.007067561149597168e+00
-5.313563942909240723e-01
-1.475591421127319336e+00
-1.045492529869079590e+00
-1.784254670143127441e+00
-8.144286870956420898e-01
-1.246675968170166016e+00
-2.076423406600952148e+00
-1.876362800598144531e+00
-1.119001746177673340e+00
-1.614914536476135254e+00
-1.328607082366943359e+00
-2.678712010383605957e-01
1.813426762819290161e-01
-1.314524531364440918e+00
-1.206938505172729492e+00
-8.867495059967041016e-01
-2.364703118801116943e-01
-1.545624136924743652e+00
-4.873610138893127441e-01
-1.696987271308898926e+00
-1.035538129508495331e-02
-1.422470450401306152e+00
-1.069053888320922852e+00
-5.238792896270751953e-01
-1.945132136344909668e+00
-1.375980257987976074e+00
-1.629763960838317871e+00
-2.326931953430175781e-01
-9.810562729835510254e-01
-1.888753890991210938e+00
-9.146068096160888672e-01
-7.540541291236877441e-01
-1.337347745895385742e+00
-8.387936949729919434e-01
-8.845136165618896484e-01
1.727693676948547363e-01
4.815501272678375244e-01
-1.717710256576538086e+00
-2.214227199554443359e+00
-1.112992405891418457e+00
-1.223000049591064453e+00
-7.442663908004760742e-01
-9.247378110885620117e-01
5.609852075576782227e-01
-1.199090242385864258e+00
-1.668777704238891602e+00
6.938900053501129150e-02
-9.680396914482116699e-01
-1.472931742668151855e+00
-8.861746191978454590e-01
-1.071171879768371582e+00
-1.312787890434265137e+00
-2.009822845458984375e+00
-2.276652097702026367e+00
-1.622562646865844727e+00
-1.260933876037597656e+00
-1.605959296226501465e+00
-1.838206171989440918e+00
-1.449958443641662598e+00
-1.059430122375488281e+00
-5.707101225852966309e-01
-2.510079383850097656e+00
-1.576889455318450928e-01
-8.023863434791564941e-01
-9.868756532669067383e-01
-1.291351675987243652e+00
-5.755543112754821777e-01
-9.754596352577209473e-01
-6.632788777351379395e-01
-1.193271875381469727e+00
-7.020384669303894043e-01
2.908664345741271973e-01
-1.914679050445556641e+00
3.864099085330963135e-01
-1.118137121200561523e+00
-1.872628331184387207e+00
-4.833087921142578125e-01
-1.371715664863586426e-01
-5.027483701705932617e-01
-4.728636741638183594e-01
-1.573782444000244141e+00
-1.510939955711364746e+00
-8.375648856163024902e-01
1.250140309333801270e+00
3.325375914573669434e-01
-5.292901992797851562e-01
-1.117008686065673828e+00
-3.959007561206817627e-01
7.778568267822265625e-01
-6.184258684515953064e-02
-1.612507700920104980e+00
-6.781380772590637207e-01
-1.390503764152526855e+00
-8.141503334045410156e-01
-1.762088060379028320e+00
-9.384827613830566406e-01
-1.818215727806091309e+00
-2.150927782058715820e+00
-8.075248599052429199e-01
-9.830449223518371582e-01
-6.739701032638549805e-01
-6.021304726600646973e-01
9.566847085952758789e-01
-2.023035049438476562e+00
-2.301506280899047852e+00
-1.271010160446166992e+00
-9.303616881370544434e-01
-2.469013690948486328e+00
-8.323569297790527344e-01
-8.494879603385925293e-01
-2.112838983535766602e+00
