-1.082869410514831543e+00
-1.265456438064575195e+00
-8.659654855728149414e-01
-8.505043387413024902e-01
-7.319640517234802246e-01
-1.041767835617065430e+00
-1.525378584861755371e+00
-1.002446770668029785e+00
-1.263249635696411133e+00
-9.139996767044067383e-01
-1.072356700897216797e+00
-6.763798594474792480e-01
-6.482149362564086914e-01
-9.897004365921020508e-01
-1.566505193710327148e+00
-9.118183255195617676e-01
-1.030253291130065918e+00
-1.293399810791015625e+00
3.667922019958496094e-01
-1.239714860916137695e+00
-1.095212817192077637e+00
-1.255775451660156250e+00
-1.029160261154174805e+00
-9.826987981796264648e-01
-9.093730449676513672e-01
-1.281565308570861816e+00
-1.195485949516296387e+00
-8.493978381156921387e-01
-1.002920389175415039e+00
-1.547216176986694336e+00
-1.061086177825927734e+00
-1.186884164810180664e+00
-6.962554454803466797e-01
-7.977581024169921875e-01
2.418143987655639648e+00
-8.690348267555236816e-01
-9.448848962783813477e-01
-1.552293777465820312e+00
-9.507678747177124023e-01
-9.305763244628906250e-01
-1.825038790702819824e+00
-1.282819509506225586e+00
-1.370802640914916992e+00
-1.355100154876708984e+00
-1.232196927070617676e+00
-1.197442054748535156e+00
-1.216195344924926758e+00
-9.194776415824890137e-01
-1.103375315666198730e+00
-4.381957352161407471e-01
-1.171228051185607910e+00
-1.234445452690124512e+00
-9.812997579574584961e-01
-1.821640253067016602e+00
-1.289103388786315918e+00
-1.080031394958496094e+00
-1.168600320816040039e+00
-1.020906209945678711e+00
-1.571569740772247314e-01
-1.445701956748962402e+00
-1.189380288124084473e+00
-1.218395829200744629e+00
-6.762519478797912598e-01
-1.302005887031555176e+00
-9.979438185691833496e-01
-7.581121921539306641e-01
-9.022768735885620117e-01
-4.839743673801422119e-01
-1.713950276374816895e+00
-1.556544542312622070e+00
-1.341741561889648438e+00
-9.170773029327392578e-01
-1.354525446891784668e+00
-1.272813439369201660e+00
-1.182253003120422363e+00
-1.006189227104187012e+00
-1.300214529037475586e+00
-7.448260188102722168e-01
-1.227879524230957031e+00
-1.501366496086120605e+00
-7.108118534088134766e-01
-1.405883193016052246e+00
-1.221375942230224609e+00
-1.130852341651916504e+00
-6.748597025871276855e-01
-8.757078647613525391e-01
-8.475026488304138184e-01
-7.343026399612426758e-01
2.073935747146606445e+00
-1.285034656524658203e+00
-5.968226194381713867e-01
-1.024688720703125000e+00
-1.256932020187377930e+00
-6.141254305839538574e-01
4.397857189178466797e+00
-2.502818405628204346e-02
-1.259695053100585938e+00
-1.177081465721130371e+00
-1.060022711753845215e+00
-1.674845516681671143e-01
-9.275026321411132812e-01
-1.205262064933776855e+00
-7.955591678619384766e-01
-9.144335985183715820e-01
-1.035204648971557617e+00
-1.182492494583129883e+00
-1.396810173988342285e+00
-1.254179954528808594e+00
-1.194928646087646484e+00
-7.594540715217590332e-01
-1.018598556518554688e+00
-9.560743570327758789e-01
-1.291629314422607422e+00
-1.309421420097351074e+00
-1.511116385459899902e+00
-1.391801118850708008e+00
-7.546389102935791016e-01
-8.127254247665405273e-01
-7.049516439437866211e-01
-1.871595025062561035e+00
-1.214911341667175293e+00
-9.027494788169860840e-01
-1.379263877868652344e+00
-7.598570585250854492e-01
-7.281718254089355469e-01
-7.713740468025207520e-01
-7.426487207412719727e-01
1.367819786071777344e+00
