-5.331858992576599121e-01
-9.704995155334472656e-01
-4.850208461284637451e-01
-7.368101477622985840e-01
-1.334517955780029297e+00
1.105404794216156006e-01
-7.794737815856933594e-01
-6.655293703079223633e-01
-7.472689151763916016e-01
1.794380396604537964e-01
-7.305904626846313477e-01
-1.623980522155761719e+00
-8.101451396942138672e-01
-8.317408561706542969e-01
1.102917939424514771e-01
-1.298439860343933105e+00
-1.595743536949157715e+00
-6.968010067939758301e-01
-8.379101753234863281e-01
-7.462789416313171387e-01
-5.669517517089843750e-01
-2.008171558380126953e+00
-1.848354697227478027e+00
-8.734430074691772461e-01
7.120484113693237305e-01
-5.530170202255249023e-01
-6.832341551780700684e-01
-6.296750903129577637e-01
-1.066119670867919922e+00
-1.752802848815917969e+00
4.486914873123168945e-01
-1.749970555305480957e+00
-7.063112258911132812e-01
-5.336284041404724121e-01
-1.819468140602111816e+00
-9.914523959159851074e-01
1.004504263401031494e-01
-1.241522669792175293e+00
-1.944502830505371094e+00
-6.363317966461181641e-01
-1.952463746070861816e+00
-7.259408235549926758e-01
-1.137383937835693359e+00
-8.239232897758483887e-01
-4.976279735565185547e-01
-7.939777374267578125e-01
1.828422546386718750e+00
-6.158088445663452148e-01
-8.680323362350463867e-01
-1.646644234657287598e+00
-6.142132282257080078e-01
-1.003263711929321289e+00
-1.125860691070556641e+00
-7.893505692481994629e-01
-8.276717066764831543e-01
-1.017852425575256348e+00
-1.910152077674865723e+00
-8.901479244232177734e-01
-1.444251060485839844e+00
-5.823771953582763672e-01
-1.065091013908386230e+00
-7.874150276184082031e-01
-7.435146570205688477e-01
-1.428895473480224609e+00
-2.357328653335571289e+00
-7.985359430313110352e-01
-7.039065361022949219e-01
-7.412405610084533691e-01
-8.266748785972595215e-01
-6.284660696983337402e-01
-1.715328931808471680e+00
-9.675070643424987793e-01
-1.189636707305908203e+00
-1.000415086746215820e+00
-9.831961989402770996e-01
-1.753598809242248535e+00
-8.573852181434631348e-01
-1.597915768623352051e+00
-9.062815308570861816e-01
-1.111065030097961426e+00
-1.228834867477416992e+00
-1.922968864440917969e+00
-7.689102888107299805e-01
-1.637619256973266602e+00
-6.875872611999511719e-01
-8.493695855140686035e-01
-7.022156119346618652e-01
-8.234346508979797363e-01
-1.338019967079162598e+00
-6.574244499206542969e-01
-6.550579667091369629e-01
-7.687089443206787109e-01
-1.298877358436584473e+00
6.375443339347839355e-01
-1.032595396041870117e+00
-1.199085831642150879e+00
-6.234770417213439941e-01
-6.637723445892333984e-01
9.327376633882522583e-02
-3.400747478008270264e-01
-8.645254373550415039e-01
-5.940548777580261230e-01
-3.372358679771423340e-01
-1.508541703224182129e+00
-5.444683432579040527e-01
-1.363470673561096191e+00
-3.802978396415710449e-01
-1.093483328819274902e+00
-1.190450906753540039e+00
-7.100011110305786133e-01
-7.439223527908325195e-01
-5.636956691741943359e-01
-1.427151560783386230e+00
5.657180547714233398e-01
-9.125396013259887695e-01
-9.760755896568298340e-01
-8.169673681259155273e-01
-1.680205702781677246e+00
-1.335038542747497559e+00
-1.870154976844787598e+00
-1.621485829353332520e+00
-1.041553020477294922e+00
-1.383142471313476562e+00
-1.542387962341308594e+00
-8.309585452079772949e-01
-8.673374056816101074e-01
-7.209433913230895996e-01
-7.121004462242126465e-01
