-1.008771300315856934e+00
-2.549526393413543701e-01
-7.746968865394592285e-01
-2.263037562370300293e-01
-1.147741749882698059e-01
1.815479546785354614e-01
-5.339223742485046387e-01
-9.675734043121337891e-01
-8.902668356895446777e-01
1.078154891729354858e-01
-8.542159199714660645e-01
-3.589555323123931885e-01
-2.550120055675506592e-01
-5.103636980056762695e-01
1.764028072357177734e-01
-1.970418393611907959e-01
-4.967613220214843750e-01
-3.791895508766174316e-01
-6.288510560989379883e-01
-1.017088890075683594e+00
-4.890205860137939453e-01
-1.134693808853626251e-02
2.469569444656372070e-02
-9.535998106002807617e-01
2.282355129718780518e-01
-5.981341600418090820e-01
-7.211370468139648438e-01
-2.875264883041381836e-01
-6.142719984054565430e-01
3.226342424750328064e-02
4.583820700645446777e-01
-9.726797044277191162e-02
-1.070289015769958496e+00
-8.737292289733886719e-01
-1.347201615571975708e-01
-8.349495381116867065e-02
6.521757692098617554e-02
-3.625370860099792480e-01
-2.383732609450817108e-02
-1.038345813751220703e+00
-1.077700778841972351e-01
-9.262155890464782715e-01
-1.580503731966018677e-01
-3.867373764514923096e-01
-1.063676595687866211e+00
-1.050914764404296875e+00
8.407094329595565796e-02
-3.571389019489288330e-01
-8.047661185264587402e-01
3.233481198549270630e-02
-3.399364054203033447e-01
-5.618076324462890625e-01
-1.473876684904098511e-01
-2.374654710292816162e-01
-5.580692887306213379e-01
-7.292569279670715332e-01
3.885854966938495636e-03
-7.320010662078857422e-01
-3.172882795333862305e-01
-2.387299686670303345e-01
-3.644121587276458740e-01
-7.611738443374633789e-01
-9.194226861000061035e-01
5.594857782125473022e-02
6.269445270299911499e-02
-9.219116717576980591e-02
-9.260361790657043457e-01
-1.599494963884353638e-01
-5.444459319114685059e-01
-5.312283635139465332e-01
9.427235461771488190e-03
1.905500441789627075e-01
-2.927221655845642090e-01
1.396835595369338989e-01
-3.712308704853057861e-01
1.666830927133560181e-01
-1.846075356006622314e-01
-6.366933137178421021e-02
2.186821773648262024e-02
-3.305680453777313232e-01
-1.226304750889539719e-02
-1.514569520950317383e-01
-5.893980264663696289e-01
1.859597489237785339e-02
-3.952327668666839600e-01
-2.866984307765960693e-01
-4.499242305755615234e-01
-4.821204245090484619e-01
7.508676033467054367e-03
-2.067440152168273926e-01
-8.054574131965637207e-01
-6.927009820938110352e-01
3.104797191917896271e-02
2.538106739521026611e-01
6.911688484251499176e-03
7.001144438982009888e-02
-8.558012843132019043e-01
-5.820913910865783691e-01
1.569107919931411743e-02
9.200793504714965820e-02
-5.563883185386657715e-01
-1.158473372459411621e+00
-1.481086313724517822e-01
-1.817187666893005371e-02
-4.042959585785865784e-02
-6.841149926185607910e-02
-2.425392717123031616e-01
1.779867708683013916e-01
-1.183990985155105591e-01
-2.431273609399795532e-01
-1.006067514419555664e+00
-7.356199622154235840e-01
-3.855819702148437500e-01
4.712858200073242188e-01
-7.750254273414611816e-01
2.236211448907852173e-01
-7.402991056442260742e-01
-7.992056198418140411e-03
-4.698488712310791016e-01
-8.489659056067466736e-03
2.557190321385860443e-02
-2.365113645792007446e-01
-2.519081532955169678e-02
-2.660064399242401123e-01
-1.906598061323165894e-01
-7.595393061637878418e-01
-7.407476305961608887e-01
-1.404135078191757202e-01
