-1.876717925071716309e+00
-9.131742715835571289e-01
-1.280794858932495117e+00
-1.290909647941589355e+00
-8.467759490013122559e-01
1.701469905674457550e-02
-1.108531117439270020e+00
-1.041365146636962891e+00
-2.653120756149291992e-01
-5.185489654541015625e-01
-8.521872162818908691e-01
-1.336889505386352539e+00
-1.577410697937011719e-01
-1.034841418266296387e+00
-1.525090932846069336e+00
-1.162372708320617676e+00
-1.288633823394775391e+00
-1.107959866523742676e+00
-1.030956864356994629e+00
-5.514398813247680664e-01
-9.347649812698364258e-01
6.055976748466491699e-01
-5.792186260223388672e-01
-1.844936132431030273e+00
-1.734685897827148438e+00
-1.124227404594421387e+00
-8.637085556983947754e-01
-8.250237107276916504e-01
-6.737565398216247559e-01
-7.220876216888427734e-01
1.596143960952758789e+00
8.821077942848205566e-01
-1.414268255233764648e+00
-1.463185429573059082e+00
-3.393447697162628174e-01
-7.713270783424377441e-01
-1.819923073053359985e-01
-9.236618876457214355e-01
-5.485408306121826172e-01
-1.163763403892517090e+00
-1.044782876968383789e+00
-1.734157919883728027e+00
-1.262526988983154297e+00
-1.388741254806518555e+00
-9.984854459762573242e-01
-1.023899674415588379e+00
-1.329128623008728027e+00
-1.688937693834304810e-01
-4.415813088417053223e-01
-8.954756855964660645e-01
-1.063700795173645020e+00
-1.215204834938049316e+00
-9.943411946296691895e-01
-1.406708359718322754e+00
-1.385135650634765625e+00
-9.067720174789428711e-01
-6.365537047386169434e-01
-1.402972936630249023e+00
-1.091437458992004395e+00
4.099607169628143311e-01
-1.109232544898986816e+00
-5.356794595718383789e-01
-9.613115191459655762e-01
-3.570178151130676270e-01
-4.270820021629333496e-01
-8.868380188941955566e-01
4.128694832324981689e-01
-6.385794281959533691e-01
-7.366608977317810059e-01
-1.150971055030822754e+00
1.233968138694763184e-01
3.678735792636871338e-01
-1.381042838096618652e+00
-9.978417158126831055e-01
1.548036038875579834e-01
-6.445038318634033203e-01
-9.730355143547058105e-01
-7.976186275482177734e-01
-1.431161284446716309e+00
-1.555092573165893555e+00
-1.355487465858459473e+00
-2.912668883800506592e-01
-5.478281974792480469e-01
-9.614509344100952148e-01
-5.425233244895935059e-01
1.155718326568603516e+00
1.206720709800720215e+00
-5.498548150062561035e-01
-1.513205170631408691e+00
-2.161428779363632202e-01
-1.151612758636474609e+00
-8.279229998588562012e-01
1.284271955490112305e+00
-5.545501112937927246e-01
-9.152436852455139160e-01
-3.649968206882476807e-01
3.846772611141204834e-01
-7.873097062110900879e-01
-1.409987926483154297e+00
-1.631913423538208008e+00
-3.103938400745391846e-01
-3.191588521003723145e-01
-5.505610704421997070e-01
-4.402733147144317627e-01
-2.685303799808025360e-03
-5.991684794425964355e-01
-4.308609664440155029e-01
-1.166525959968566895e+00
-1.367812991142272949e+00
3.953643441200256348e-01
9.397424012422561646e-02
-8.765897154808044434e-01
-5.856279283761978149e-02
-8.646804094314575195e-01
-1.198094487190246582e+00
-1.063575148582458496e+00
-1.497886300086975098e+00
-1.107856512069702148e+00
-1.349278211593627930e+00
-5.731436610221862793e-01
-6.671943068504333496e-01
-8.692870736122131348e-01
-7.069857716560363770e-01
-4.567399322986602783e-01
4.149618446826934814e-01
5.353750586509704590e-01
-1.029466629028320312e+00
-8.853394389152526855e-01
