-1.085118293762207031e+00
1.796029329299926758e+00
1.235065460205078125e-01
-1.066944479942321777e+00
-1.083238124847412109e+00
-1.009819865226745605e+00
-4.643976390361785889e-01
6.142756342887878418e-01
-6.729707121849060059e-01
-1.243228673934936523e+00
-1.036223530769348145e+00
-8.119944334030151367e-01
-1.059611201286315918e+00
-8.730631470680236816e-01
-8.669141530990600586e-01
-1.062592148780822754e+00
-8.824102878570556641e-01
4.394997119903564453e+00
-7.381029725074768066e-01
-1.194680929183959961e+00
-1.089164853096008301e+00
-9.119914174079895020e-01
-9.744237065315246582e-01
-8.567444086074829102e-01
-1.235978603363037109e+00
-6.976461410522460938e-01
-7.557333111763000488e-01
-1.123506903648376465e+00
-8.474643826484680176e-01
-5.864371657371520996e-01
-9.764123558998107910e-01
-1.145100712776184082e+00
-1.270375490188598633e+00
-1.230942249298095703e+00
-6.700791120529174805e-01
-1.260022759437561035e+00
-1.058100104331970215e+00
-1.638970971107482910e+00
-1.437761187553405762e+00
-1.453985095024108887e+00
-4.778355360031127930e-01
-1.197405606508255005e-01
5.973882079124450684e-01
-8.615533113479614258e-01
-1.069545507431030273e+00
-8.781746625900268555e-01
-1.012103199958801270e+00
-8.262566328048706055e-01
-6.152896285057067871e-01
-8.185449242591857910e-01
-1.366469979286193848e+00
-5.842965841293334961e-01
-7.301654219627380371e-01
-1.246800780296325684e+00
-1.163684725761413574e+00
8.266064524650573730e-01
-8.925591707229614258e-01
-1.129538774490356445e+00
-1.020872712135314941e+00
-1.203605294227600098e+00
-1.129171371459960938e+00
-1.013808488845825195e+00
-5.332610607147216797e-01
-5.489806532859802246e-01
-8.740460276603698730e-01
-8.229362368583679199e-01
-2.134301811456680298e-01
-9.322240352630615234e-01
-7.600666284561157227e-01
-1.426016569137573242e+00
-8.780657052993774414e-01
-1.572666168212890625e-01
-1.017962932586669922e+00
-8.688501715660095215e-01
-1.082316756248474121e+00
-1.011852145195007324e+00
-4.699244797229766846e-01
-1.416551828384399414e+00
-8.085207939147949219e-01
-9.845156073570251465e-01
-1.453400969505310059e+00
-1.311035633087158203e+00
-9.917356371879577637e-01
2.428935766220092773e+00
-1.339530110359191895e+00
-9.913864135742187500e-01
-9.435591697692871094e-01
1.385253965854644775e-01
-1.150074958801269531e+00
2.269379615783691406e+00
-8.372974991798400879e-01
-1.200456619262695312e+00
-1.011767625808715820e+00
-1.123776435852050781e+00
-1.174139738082885742e+00
-3.355406597256660461e-02
-7.957255840301513672e-01
-9.069239497184753418e-01
-1.065613031387329102e+00
-6.984260678291320801e-02
-1.075271844863891602e+00
-5.686268210411071777e-01
-1.140548110008239746e+00
-1.312935233116149902e+00
-4.919420182704925537e-01
-8.959122300148010254e-01
-1.167917132377624512e+00
-9.496626257896423340e-01
-8.085607886314392090e-01
-7.243198156356811523e-01
-3.954133093357086182e-01
8.534468412399291992e-01
-1.099997639656066895e+00
-1.356092095375061035e+00
-1.287750959396362305e+00
-9.560698270797729492e-01
-4.565008878707885742e-01
-1.198778986930847168e+00
-1.041153550148010254e+00
-1.205777764320373535e+00
-1.323427081108093262e+00
-7.536772489547729492e-01
-8.489659428596496582e-01
-9.880914688110351562e-01
-4.164322316646575928e-01
-1.186092972755432129e+00
-1.443412899971008301e+00
-8.862795829772949219e-01
