-3.372932910919189453e+00
4.776207804679870605e-01
8.731821179389953613e-02
1.872178018093109131e-01
2.950537391006946564e-02
-1.140317991375923157e-01
-1.663058996200561523e-02
1.917141117155551910e-02
-2.676204591989517212e-02
9.736114740371704102e-02
-5.418309941887855530e-03
-9.270946029573678970e-04
-7.162467390298843384e-02
-4.149790108203887939e-01
-5.844481587409973145e-01
-1.614390969276428223e+00
-4.380940459668636322e-03
6.672538071870803833e-02
4.875383898615837097e-02
2.805777639150619507e-02
6.065648198127746582e-01
7.107485830783843994e-02
-2.439535595476627350e-02
2.763943746685981750e-02
-3.905430063605308533e-02
1.124968659132719040e-02
1.383276432752609253e-01
-2.284932374954223633e+00
8.637098595499992371e-03
1.905119717121124268e-01
1.015044301748275757e-01
1.678879708051681519e-01
7.422553002834320068e-02
4.926364868879318237e-03
-8.423299193382263184e-01
-7.038834504783153534e-03
-1.438486427068710327e-01
-2.006058394908905029e-02
-4.239666089415550232e-02
-4.837254527956247330e-04
-1.694993138313293457e+00
2.143174037337303162e-02
-8.553321659564971924e-02
1.435789763927459717e-01
9.449073672294616699e-02
-2.735757350921630859e+00
8.096633851528167725e-02
-1.375622153282165527e-01
-1.892184652388095856e-02
-3.705488145351409912e-02
1.881869626231491566e-03
2.128252536058425903e-01
1.193362772464752197e-01
-1.912159100174903870e-02
2.003721296787261963e-01
-2.143370807170867920e-01
-5.167092010378837585e-02
3.673790255561470985e-03
2.140417881309986115e-02
1.826543174684047699e-02
2.069327421486377716e-02
-9.761385917663574219e-01
-2.339116781949996948e-01
4.884598031640052795e-02
1.256591230630874634e-01
1.812207978218793869e-03
3.102339208126068115e-01
2.602124214172363281e-02
-3.918085992336273193e-02
-4.294875077903270721e-03
1.517911907285451889e-02
1.827275305986404419e-01
-1.206131458282470703e+00
-3.473598062992095947e-01
-4.287732765078544617e-02
-1.384976059198379517e-01
-8.290246874094009399e-02
-1.750262856483459473e+00
3.331727981567382812e-01
-9.039368629455566406e-01
-3.804217325523495674e-03
7.884625345468521118e-02
-9.130566380918025970e-03
7.239188998937606812e-02
3.168517723679542542e-04
5.618223175406455994e-02
5.660008266568183899e-02
1.759956330060958862e-01
7.366159558296203613e-02
-3.756328821182250977e-01
-3.034027338027954102e+00
1.835918873548507690e-01
-5.737332627177238464e-02
-2.425777435302734375e+00
-8.633527159690856934e-01
-1.885695010423660278e-01
-2.830314682796597481e-03
-2.770540475845336914e+00
7.549462025053799152e-04
-4.197034612298011780e-02
-1.554330531507730484e-02
-1.797780036926269531e+00
2.840414643287658691e-02
-2.980754375457763672e+00
2.823772840201854706e-02
2.554947137832641602e-01
-7.065374255180358887e-01
-3.172210216522216797e+00
2.159105241298675537e-02
3.911529853940010071e-02
5.067862570285797119e-02
2.341642975807189941e-02
-1.114481016993522644e-01
-1.381880521774291992e+00
-2.010131441056728363e-02
-5.958260223269462585e-02
1.682172715663909912e-02
-3.206514418125152588e-01
1.826832145452499390e-01
2.316747233271598816e-02
2.159586176276206970e-02
1.953769922256469727e-01
-3.973050415515899658e-02
-6.222031116485595703e-01
3.442821279168128967e-02
2.152186185121536255e-01
2.308719977736473083e-02
3.099395520985126495e-02
